5.825e+03 3.545e+00 2.500e-04 2.000e-05 3.079e+08 2.464e+07
5.825e+03 3.545e+00 2.600e-04 2.000e-05 2.961e+08 2.278e+07
5.265e+03 3.545e+00 2.800e-04 2.000e-05 2.485e+08 1.775e+07
5.228e+03 3.545e+00 2.800e-04 2.000e-05 2.468e+08 1.763e+07
5.693e+03 3.545e+00 2.700e-04 2.000e-05 2.787e+08 2.064e+07
5.850e+03 3.545e+00 2.800e-04 2.000e-05 2.761e+08 1.972e+07
5.529e+03 3.545e+00 2.300e-04 2.000e-05 3.177e+08 2.763e+07
5.579e+03 3.545e+00 2.400e-04 2.000e-05 3.073e+08 2.561e+07
5.730e+03 3.545e+00 2.600e-04 2.000e-05 2.913e+08 2.241e+07
5.730e+03 3.545e+00 2.400e-04 2.000e-05 3.156e+08 2.630e+07
5.868e+03 3.545e+00 2.600e-04 2.000e-05 2.983e+08 2.295e+07
5.705e+03 3.545e+00 2.600e-04 2.000e-05 2.900e+08 2.231e+07
5.686e+03 3.545e+00 2.700e-04 2.000e-05 2.784e+08 2.062e+07
5.850e+03 3.545e+00 2.600e-04 2.000e-05 2.974e+08 2.288e+07
5.680e+03 3.545e+00 2.500e-04 2.000e-05 3.003e+08 2.402e+07
5.781e+03 3.545e+00 2.700e-04 2.000e-05 2.830e+08 2.096e+07
5.737e+03 3.545e+00 2.600e-04 2.000e-05 2.916e+08 2.243e+07
5.567e+03 3.545e+00 2.500e-04 2.000e-05 2.943e+08 2.355e+07
5.667e+03 3.545e+00 2.600e-04 2.000e-05 2.881e+08 2.216e+07
5.674e+03 3.545e+00 2.500e-04 2.000e-05 3.000e+08 2.400e+07
