2.737e+01 3.691e-01 1.827e-05 3.662e-06 3.862e-07 4.238e-08 4.500e-01 3.691e-01 1.111e-03 9.380e-04 2.607e-18 2.496e-18 4.000e-01 3.691e-01 -1.250e-03 1.180e-03 3.023e-18 3.096e-18
2.702e+01 3.691e-01 1.850e-05 3.710e-06 3.889e-07 4.266e-08 4.300e-01 3.691e-01 1.163e-03 1.025e-03 2.730e-18 2.730e-18 4.800e-01 3.691e-01 -1.042e-03 8.276e-04 2.526e-18 2.255e-18
2.999e+01 3.691e-01 1.667e-05 3.341e-06 3.673e-07 4.045e-08 4.500e-01 3.691e-01 1.111e-03 9.380e-04 2.607e-18 2.354e-18 5.000e-01 3.691e-01 -1.000e-03 7.648e-04 2.427e-18 1.964e-18
8.080e+01 3.691e-01 6.188e-06 1.238e-06 2.097e-07 2.437e-08 5.080e+00 3.691e-01 9.843e-05 2.094e-05 1.457e-19 5.733e-20 5.630e+00 3.691e-01 -8.881e-05 1.869e-05 1.570e-19 5.580e-20
5.885e+01 3.691e-01 8.496e-06 1.700e-06 2.516e-07 2.866e-08 4.280e+00 3.691e-01 1.168e-04 2.544e-05 1.755e-19 8.470e-20 5.850e+00 3.691e-01 -8.547e-05 1.792e-05 1.516e-19 6.784e-20
4.892e+01 3.691e-01 1.022e-05 2.046e-06 2.794e-07 3.150e-08 4.080e+00 3.691e-01 1.225e-04 2.690e-05 1.847e-19 1.001e-19 5.760e+00 3.691e-01 -8.681e-05 1.823e-05 1.538e-19 7.872e-20
1.900e+01 3.691e-01 2.632e-05 5.288e-06 4.705e-07 5.102e-08 1.550e+00 3.691e-01 3.226e-04 1.003e-04 1.044e-18 5.402e-19 2.130e+00 3.691e-01 -2.347e-04 6.212e-05 9.202e-19 4.059e-19
1.877e+01 3.691e-01 2.664e-05 5.353e-06 4.736e-07 5.134e-08 1.700e+00 3.691e-01 2.941e-04 8.682e-05 9.436e-19 4.837e-19 2.030e+00 3.691e-01 -2.463e-04 6.657e-05 9.609e-19 4.309e-19
1.912e+01 3.691e-01 2.615e-05 5.254e-06 4.689e-07 5.086e-08 1.660e+00 3.691e-01 3.012e-04 9.008e-05 9.686e-19 4.932e-19 1.860e+00 3.691e-01 -2.688e-04 7.574e-05 1.040e-18 4.686e-19
3.272e+01 3.691e-01 1.528e-05 3.061e-06 3.498e-07 3.867e-08 3.110e+00 3.691e-01 1.608e-04 3.739e-05 3.409e-19 1.719e-19 4.060e+00 3.691e-01 -1.232e-04 2.706e-05 3.176e-19 1.463e-19
3.584e+01 3.691e-01 1.395e-05 2.794e-06 3.326e-07 3.692e-08 3.430e+00 3.691e-01 1.458e-04 3.311e-05 3.061e-19 1.460e-19 4.150e+00 3.691e-01 -1.205e-04 2.637e-05 3.114e-19 1.344e-19
4.117e+01 3.691e-01 1.214e-05 2.431e-06 3.080e-07 3.441e-08 3.430e+00 3.691e-01 1.458e-04 3.311e-05 3.061e-19 1.344e-19 4.060e+00 3.691e-01 -1.232e-04 2.706e-05 3.176e-19 1.246e-19
9.061e+01 3.691e-01 5.518e-06 1.104e-06 1.963e-07 2.299e-08 9.300e-01 3.691e-01 5.376e-04 2.389e-04 7.126e-19 3.922e-19 1.010e+00 3.691e-01 -4.950e-04 2.062e-04 6.724e-19 3.516e-19
7.898e+01 3.691e-01 6.331e-06 1.266e-06 2.126e-07 2.467e-08 7.800e-01 3.691e-01 6.410e-04 3.293e-04 8.513e-19 5.628e-19 9.600e-01 3.691e-01 -5.208e-04 2.257e-04 7.070e-19 4.173e-19
7.061e+01 3.691e-01 7.081e-06 1.417e-06 2.269e-07 2.613e-08 7.600e-01 3.691e-01 6.579e-04 3.455e-04 8.739e-19 6.344e-19 8.800e-01 3.691e-01 -5.682e-04 2.640e-04 7.705e-19 5.123e-19
4.291e+01 3.691e-01 1.165e-05 2.333e-06 3.009e-07 3.369e-08 4.830e+00 3.691e-01 1.035e-04 2.216e-05 1.850e-19 8.998e-20 6.180e+00 3.691e-01 -8.091e-05 1.689e-05 1.843e-19 8.090e-20
4.061e+01 3.691e-01 1.231e-05 2.465e-06 3.103e-07 3.465e-08 5.360e+00 3.691e-01 9.328e-05 1.973e-05 1.645e-19 8.284e-20 6.600e+00 3.691e-01 -7.576e-05 1.573e-05 1.740e-19 7.923e-20
5.327e+01 3.691e-01 9.386e-06 1.878e-06 2.664e-07 3.018e-08 5.330e+00 3.691e-01 9.381e-05 1.985e-05 1.656e-19 7.098e-20 6.080e+00 3.691e-01 -8.224e-05 1.719e-05 1.869e-19 7.021e-20
1.390e+01 3.691e-01 3.597e-05 7.257e-06 5.569e-07 5.999e-08 4.350e+00 3.691e-01 1.149e-04 2.497e-05 3.411e-19 1.829e-19 1.548e+01 3.691e-01 -3.230e-05 6.506e-06 3.142e-19 1.027e-19
1.298e+01 3.691e-01 3.852e-05 7.782e-06 5.772e-07 6.212e-08 4.710e+00 3.691e-01 1.062e-04 2.280e-05 3.020e-19 1.705e-19 1.277e+01 3.691e-01 -3.915e-05 7.912e-06 3.447e-19 1.227e-19
1.238e+01 3.691e-01 4.039e-05 8.167e-06 5.919e-07 6.368e-08 4.480e+00 3.691e-01 1.116e-04 2.414e-05 3.263e-19 1.850e-19 1.350e+01 3.691e-01 -3.704e-05 7.476e-06 3.353e-19 1.247e-19
4.732e+01 3.691e-01 1.057e-05 2.115e-06 2.849e-07 3.206e-08 1.600e+00 3.691e-01 3.125e-04 9.541e-05 5.491e-19 2.995e-19 1.380e+00 3.691e-01 -3.623e-04 1.210e-04 6.739e-19 3.702e-19
6.012e+01 3.691e-01 8.317e-06 1.664e-06 2.488e-07 2.837e-08 1.480e+00 3.691e-01 3.378e-04 1.080e-04 5.950e-19 2.818e-19 1.510e+00 3.691e-01 -3.311e-04 1.046e-04 6.173e-19 2.812e-19
5.191e+01 3.691e-01 9.632e-06 1.928e-06 2.704e-07 3.058e-08 1.600e+00 3.691e-01 3.125e-04 9.541e-05 5.491e-19 2.820e-19 1.610e+00 3.691e-01 -3.106e-04 9.448e-05 5.801e-19 2.880e-19
2.549e+01 3.691e-01 1.962e-05 3.933e-06 4.015e-07 4.394e-08 7.800e-01 3.691e-01 6.410e-04 3.293e-04 1.729e-18 1.096e-18 8.800e-01 3.691e-01 -5.682e-04 2.640e-04 1.642e-18 9.296e-19
2.202e+01 3.691e-01 2.271e-05 4.557e-06 4.348e-07 4.735e-08 8.100e-01 3.691e-01 6.173e-04 3.072e-04 1.663e-18 1.131e-18 6.800e-01 3.691e-01 -7.353e-04 4.253e-04 2.108e-18 1.513e-18
2.464e+01 3.691e-01 2.029e-05 4.070e-06 4.090e-07 4.471e-08 5.500e-01 3.691e-01 9.091e-04 6.366e-04 2.476e-18 1.984e-18 6.100e-01 3.691e-01 -8.197e-04 5.223e-04 2.343e-18 1.681e-18
1.170e+01 3.691e-01 4.274e-05 8.653e-06 6.104e-07 6.564e-08 8.800e-01 3.691e-01 5.682e-04 2.640e-04 2.232e-18 1.447e-18 1.360e+00 3.691e-01 -3.676e-04 1.239e-04 1.732e-18 8.488e-19
1.225e+01 3.691e-01 4.082e-05 8.255e-06 5.956e-07 6.407e-08 1.000e+00 3.691e-01 5.000e-04 2.099e-04 1.943e-18 1.163e-18 1.310e+00 3.691e-01 -3.817e-04 1.319e-04 1.791e-18 8.628e-19
1.248e+01 3.691e-01 4.006e-05 8.100e-06 5.898e-07 6.345e-08 9.600e-01 3.691e-01 5.208e-04 2.257e-04 2.031e-18 1.223e-18 1.550e+00 3.691e-01 -3.226e-04 1.003e-04 1.541e-18 6.974e-19
2.022e+01 3.691e-01 2.473e-05 4.966e-06 4.553e-07 4.946e-08 1.760e+00 3.691e-01 2.841e-04 8.233e-05 8.061e-19 4.058e-19 2.130e+00 3.691e-01 -2.347e-04 6.212e-05 8.078e-19 3.562e-19
2.105e+01 3.691e-01 2.375e-05 4.769e-06 4.455e-07 4.845e-08 1.660e+00 3.691e-01 3.012e-04 9.008e-05 8.594e-19 4.267e-19 2.060e+00 3.691e-01 -2.427e-04 6.517e-05 8.326e-19 3.596e-19
1.898e+01 3.691e-01 2.634e-05 5.294e-06 4.711e-07 5.108e-08 1.930e+00 3.691e-01 2.591e-04 7.169e-05 7.283e-19 3.753e-19 2.100e+00 3.691e-01 -2.381e-04 6.339e-05 8.182e-19 3.770e-19
5.410e+00 3.691e-01 9.242e-05 1.953e-05 9.157e-07 1.008e-07 1.930e+00 3.691e-01 2.591e-04 7.169e-05 1.123e-18 7.121e-19 6.010e+00 3.691e-01 -8.319e-05 1.741e-05 1.205e-18 4.251e-19
5.250e+00 3.691e-01 9.524e-05 2.019e-05 9.301e-07 1.027e-07 1.700e+00 3.691e-01 2.941e-04 8.682e-05 1.361e-18 8.605e-19 5.800e+00 3.691e-01 -8.621e-05 1.809e-05 1.225e-18 4.481e-19
5.310e+00 3.691e-01 9.416e-05 1.994e-05 9.246e-07 1.020e-07 1.900e+00 3.691e-01 2.632e-04 7.337e-05 1.151e-18 7.339e-19 5.660e+00 3.691e-01 -8.834e-05 1.858e-05 1.239e-18 4.488e-19
2.422e+01 3.691e-01 2.064e-05 4.141e-06 4.128e-07 4.510e-08 2.260e+00 3.691e-01 2.212e-04 5.713e-05 4.664e-19 2.182e-19 2.780e+00 3.691e-01 -1.799e-04 4.318e-05 4.743e-19 1.931e-19
2.145e+01 3.691e-01 2.331e-05 4.679e-06 4.410e-07 4.798e-08 2.060e+00 3.691e-01 2.427e-04 6.517e-05 5.168e-19 2.612e-19 2.510e+00 3.691e-01 -1.992e-04 4.945e-05 5.197e-19 2.326e-19
2.157e+01 3.691e-01 2.318e-05 4.653e-06 4.396e-07 4.785e-08 2.280e+00 3.691e-01 2.193e-04 5.643e-05 4.619e-19 2.306e-19 3.130e+00 3.691e-01 -1.597e-04 3.709e-05 4.272e-19 1.855e-19
1.874e+01 3.691e-01 2.668e-05 5.362e-06 4.744e-07 5.142e-08 2.160e+00 3.691e-01 2.315e-04 6.089e-05 5.356e-19 2.654e-19 2.900e+00 3.691e-01 -1.724e-04 4.087e-05 5.209e-19 2.197e-19
1.897e+01 3.691e-01 2.636e-05 5.296e-06 4.713e-07 5.110e-08 2.210e+00 3.691e-01 2.262e-04 5.895e-05 5.219e-19 2.564e-19 3.100e+00 3.691e-01 -1.613e-04 3.754e-05 4.918e-19 2.040e-19
1.845e+01 3.691e-01 2.710e-05 5.447e-06 4.784e-07 5.183e-08 2.500e+00 3.691e-01 2.000e-04 4.972e-05 4.533e-19 2.247e-19 2.960e+00 3.691e-01 -1.689e-04 3.981e-05 5.117e-19 2.176e-19
4.581e+01 3.691e-01 1.091e-05 2.185e-06 2.903e-07 3.261e-08 8.500e-01 3.691e-01 5.882e-04 2.812e-04 9.254e-19 5.296e-19 8.300e-01 3.691e-01 -6.024e-04 2.937e-04 9.890e-19 5.548e-19
4.157e+01 3.691e-01 1.203e-05 2.408e-06 3.065e-07 3.426e-08 8.600e-01 3.691e-01 5.814e-04 2.753e-04 9.144e-19 5.547e-19 9.100e-01 3.691e-01 -5.495e-04 2.485e-04 9.038e-19 5.171e-19
3.314e+01 3.691e-01 1.509e-05 3.022e-06 3.476e-07 3.845e-08 8.000e-01 3.691e-01 6.250e-04 3.143e-04 9.845e-19 7.170e-19 8.800e-01 3.691e-01 -5.682e-04 2.640e-04 9.339e-19 6.304e-19
5.637e+01 3.691e-01 8.870e-06 1.775e-06 2.582e-07 2.934e-08 6.800e-01 3.691e-01 7.353e-04 4.253e-04 1.144e-18 7.672e-19 8.800e-01 3.691e-01 -5.682e-04 2.640e-04 9.107e-19 5.202e-19
4.872e+01 3.691e-01 1.026e-05 2.054e-06 2.804e-07 3.160e-08 6.500e-01 3.691e-01 7.692e-04 4.631e-04 1.197e-18 9.114e-19 7.100e-01 3.691e-01 -7.042e-04 3.922e-04 1.125e-18 7.964e-19
5.171e+01 3.691e-01 9.669e-06 1.935e-06 2.712e-07 3.066e-08 6.300e-01 3.691e-01 7.937e-04 4.913e-04 1.236e-18 9.213e-19 7.500e-01 3.691e-01 -6.667e-04 3.541e-04 1.066e-18 7.020e-19
5.500e+00 3.691e-01 9.091e-05 1.918e-05 9.078e-07 9.985e-08 1.050e+00 3.691e-01 4.762e-04 1.926e-04 2.443e-18 1.594e-18 1.710e+00 3.691e-01 -2.924e-04 8.604e-05 2.461e-18 1.044e-18
4.560e+00 3.691e-01 1.096e-04 2.366e-05 1.001e-06 1.122e-07 1.110e+00 3.691e-01 4.505e-04 1.748e-04 2.279e-18 1.621e-18 1.700e+00 3.691e-01 -2.941e-04 8.682e-05 2.472e-18 1.218e-18
6.300e+00 3.691e-01 7.937e-05 1.654e-05 8.457e-07 9.215e-08 1.210e+00 3.691e-01 4.132e-04 1.507e-04 2.041e-18 1.202e-18 2.030e+00 3.691e-01 -2.463e-04 6.657e-05 2.167e-18 7.953e-19