2.005 0 27.37 0 0.45 0 349 0 0.4 0 -349 0
2.005 0 27.02 0 0.43 0 349 0 0.48 0 -349 0
2.005 0 29.99 0 0.45 0 349 0 0.5 0 -349 0
2.064 0 80.8 0 5.08 0 301 0 5.63 0 -301 0
2.066 0 58.85 0 4.28 0 301 0 5.85 0 -301 0
2.063 0 48.92 0 4.08 0 301 0 5.76 0 -301 0
2.051 0 19 0 1.55 0 302 0 2.13 0 -302 0  
2.051 0 18.77 0 1.7 0 302 0 2.03 0 -302 0
2.051 0 19.12 0 1.66 0 302 0 1.86 0 -302 0
2.041 0 32.72 0 3.11 0 302 0 4.06 0 -302 0
2.046 0 35.84 0 3.43 0 302 0 4.15 0 -302 0
2.05 0 41.17 0 3.43 0 302 0 4.06 0 -302 0
2.042 0 90.61 0 0.93 0 302 0 1.01 0 -302 0
2.043 0 78.98 0 0.78 0 302 0 0.96 0 -302 0
2.042 0 70.61 0 0.76 0 302 0 0.88 0 -302 0
2.048 0 42.91 0 4.83 0 302 0 6.18 0 -302 0
2.048 0 40.61 0 5.36 0 302 0 6.6 0 -302 0
2.048 0 53.27 0 5.33 0 302 0 6.08 0 -302 0
2.018 0 13.9 0 4.35 0 300 0 15.48 0 -300 0
2.035 0 12.98 0 4.71 0 300 0 12.77 0 -300 0
2.032 0 12.38 0 4.48 0 300 0 13.5 0 -300 0
2.036 0 47.32 0 1.6 0 300 0 1.38 0 -300 0
2.029 0 60.12 0 1.48 0 300 0 1.51 0 -300 0
2.029 0 51.91 0 1.6 0 300 0 1.61 0 -300 0
2.024 0 25.49 0 0.78 0 330 0 0.88 0 -330 0
2.024 0 22.02 0 0.81 0 330 0 0.68 0 -330 0
2.023 0 24.64 0 0.55 0 330 0 0.61 0 -330 0
2.023 0 11.7 0 0.88 0 330 0 1.36 0 -330 0
2.023 0 12.25 0 1 0 330 0 1.31 0 -330 0
2.023 0 12.48 0 0.96 0 330 0 1.55 0 -330 0
2.015 0 20.22 0 1.76 0 331 0 2.13 0 -331 0
2.015 0 21.05 0 1.66 0 331 0 2.06 0 -331 0
2.015 0 18.98 0 1.93 0 331 0 2.1 0 -331 0
2.01 0 5.41 0 1.93 0 331 0 6.01 0 -331 0
2.01 0 5.25 0 1.7 0 331 0 5.8 0 -331 0
2.01 0 5.31 0 1.9 0 331 0 5.66 0 -331 0
2.008 0 24.22 0 2.26 0 410 0 2.78 0 -410 0
2.008 0 21.45 0 2.06 0 410 0 2.51 0 -410 0
2.008 0 21.57 0 2.28 0 410 0 3.13 0 -410 0
2.006 0 18.74 0 2.16 0 411 0 2.9 0 -411 0
2.006 0 18.97 0 2.21 0 411 0 3.1 0 -411 0
2.006 0 18.45 0 2.5 0 411 0 2.96 0 -411 0
2.001 0 45.81 0 0.85 0 411 0 0.83 0 -411 0
2.005 0 41.57 0 0.86 0 411 0 0.91 0 -411 0
2.005 0 33.14 0 0.8 0 411 0 0.88 0 -411 0
2.005 0 56.37 0 0.68 0 349 0 0.88 0 -349 0
2.003 0 48.72 0 0.65 0 349 0 0.71 0 -349 0
2.003 0 51.71 0 0.63 0 349 0 0.75 0 -349 0
2.009 0 5.5 0 1.05 0 349 0 1.71 0 -349 0
2 0 4.56 0 1.11 0 349 0 1.7 0 -349 0
2 0 6.3 0 1.21 0 349 0 2.03 0 -349 0
